WITHOUT Scaling
MSE: 378016949.641263
R2: 0.7637394064742107

WITH Scaling
MSE: 378016949.64124906
R2: 0.7637394064742193
